Otto 01111111

INDEX.

*—

1.

111111. nat. 1111111131 11223 31,9emend. p. 1331111113
Aeschyl. Α111.11.1 236 33 205
Aesop. Η1111.44 144 3321 sqq. 2011111112
61 1281111111 34 201
102 23111111 3331111. 13611111
135 21816111 40 131
155 211 111111 44 101
155 144 50, 11 11811114
416¹> 23311112 53 208 sq.
Anacr.fr.52ng.emend. 11111111 51 131. 141
Α1111101.Ρ11.ΙΧ,333 114 58 210
Antig. hist. mir. 11, 10 21611114 53 211
,11111111111Η11111ἅειδε 161 63 135 .
Apul. met. 1V‚32. V, 23 em. 111 111111 65,1Suid. 191 adn), 20111111. 1
ΙΧ, 16 116 66, 1 134 111111
111111111111101131Β111. 21511111 10 1311111115
Aristid. 01111111. 53 M. 13511111 112111. 201 111111
Aristoph. 1111111131. 1038 2251111111 14 211
pax 153111111111. 13311111 13, 8 110
Auian.praes.p.4Fr. 1231381111 84,8 13411111
Auson. epigr. 15 23811111 85 1481 q.
Babrius Eberh. 88 2041 ,1
prooem. I, 12. 11 , 113 111113 31,1 180
15111111. 163 33 1381111111
204 35, 63 sqq. 185
231 111112 18 emend. 21611112
204 38 18111111
113 106 1421111.
111 11111 111
16111111 11111111111011. 1351111.
111 111111 1111111111.
’1111111 Ι11 , 1111111
146 ’ 111 2341111111
18411111 1231111111. 218adn.1
1111111 1111 11111111
211111. 130. 131 218
12,11-15transp. 15511111 145 113
1118111111. 16411111 153 120
111111. 111 111 1111111
14 1801111111 113 1861 .
15 138 115 105 agn]
15‚5 131 111 111
1361111. 13116115 8111123 123
20 2061311131 1111113 45 10111111. 1. 220
19 161 56 224
1111111111. 11111111 11 11111.
31 15086112 111 125

 

